# omegabh2 omegach2 theta tau baryfeed logA ns ampia
  3.2104075E-05   1.9654776E-05  -5.7430052E-05  -5.0260703E-05  -5.3923483E-05  -1.2177687E-04   6.9708881E-05  -2.2364753E-05
  1.9654776E-05   2.4629346E-03   2.7179249E-03  -4.0585333E-04  -7.5998677E-04  -3.5992957E-02  -3.2775678E-03   1.8968581E-03
 -5.7430052E-05   2.7179249E-03   4.4132694E-03  -3.9976364E-05  -8.4023496E-04  -3.3591853E-02  -4.4223646E-03   3.6303463E-03
 -5.0260703E-05  -4.0585333E-04  -3.9976364E-05   5.0585331E-02  -5.1891767E-03   8.6187687E-04   7.7973329E-04   1.0559223E-03
 -5.3923483E-05  -7.5998677E-04  -8.4023496E-04  -5.1891767E-03   2.9719597E-01   1.9413652E-02  -2.3888496E-02   1.5716673E-02
 -1.2177687E-04  -3.5992957E-02  -3.3591853E-02   8.6187687E-04   1.9413652E-02   6.7658246E-01   2.5944784E-02  -1.8875970E-02
  6.9708881E-05  -3.2775678E-03  -4.4223646E-03   7.7973329E-04  -2.3888496E-02   2.5944784E-02   2.1500830E-02   1.3478222E-02
 -2.2364753E-05   1.8968581E-03   3.6303463E-03   1.0559223E-03   1.5716673E-02  -1.8875970E-02   1.3478222E-02   4.3793053E-01
